0 0 0 0 0 0.000640853
0 0 0 0 0.666667 0.000854468
0 0 0 0.25 0 0.00161745
0 0 0 0.25 0.666667 0.00198362
0 0 0 0.375 0.333333 0.0036317
0 0 0 0.5 0.333333 0.00433362
0 0 0 0.5 0.666667 0.00439468
0 0 0 0.625 0 0.0045168
0 0 0 0.625 0.333333 0.00466936
0 0 0 0.625 0.666667 0.00485234
0 0 0 0.75 0.333333 0.00534064
0 0 0 0.75 0.666667 0.00576808
0 0 0 0.875 0.333333 0.00625638
0 0 0 0.875 0.666667 0.00698872
0 0 0 1 0 0.00717191
0 0 0 1 0.333333 0.00720234
0 0 0 1 0.666667 0.00735489
0 0 0.166667 0 0 0.00756851
0 0 0.166667 0 0.666667 0.00891149
0 0 0.166667 0.125 0 0.00915553
0 0 0.166667 0.375 0 0.0123904
0 0 0.166667 0.375 0.666667 0.0144657
0 0 0.166667 0.5 0 0.0144964
0 0 0.166667 0.625 0.333333 0.0151066
0 0 0.166667 0.625 0.666667 0.0153509
0 0 0.166667 0.75 0.333333 0.0161749
0 0 0.166667 0.75 0.666667 0.01648
0 0 0.166667 0.875 0 0.0165411
0 0 0.166667 0.875 0.333333 0.0185553
0 0 0.166667 1 0 0.0200813
0 0 0.166667 1 0.333333 0.0204168
0 0 0.333333 0 0 0.0207832
0 0 0.333333 0.125 0.333333 0.021424
0 0 0.333333 0.25 0.333333 0.0226447
0 0 0.333333 0.375 0 0.0228889
0 0 0.333333 0.5 0.333333 0.0241706
0 0 0.333333 0.5 0.666667 0.0250557
0 0 0.333333 0.625 0 0.0253915
0 0 0.333333 0.875 0.666667 0.0276191
0 0 0.5 0 0 0.0292368
0 0 0.5 0 0.333333 0.0301828
0 0 0.5 0.25 0.333333 0.0312204
0 0 0.5 0.5 0.333333 0.0349743
0 0 0.5 0.625 0.666667 0.0385753
0 0 0.5 0.875 0.333333 0.0408949
0 0 0.5 0.875 0.666667 0.0413526
0 0 0.666667 0 0.333333 0.0432143
0 0 0.666667 0.125 0 0.0443738
0 0 0.666667 0.25 0 0.0462355
0 0 0.666667 0.25 0.333333 0.0466323
0 0 0.666667 0.75 0 0.0490738
0 0 0.666667 0.75 0.333333 0.0492874
0 0 0.666667 0.875 0 0.0495315
0 0 0.666667 0.875 0.666667 0.0496232
0 0 0.833333 0 0.333333 0.0505081
0 0 0.833333 0.125 0.333333 0.0511796
0 0 0.833333 0.25 0 0.0517289
0 0 0.833333 0.25 0.666667 0.0525834
0 0 0.833333 0.375 0 0.0528274
0 0 0.833333 0.375 0.333333 0.0529496
0 0 0.833333 0.375 0.666667 0.0534685
0 0 0.833333 0.5 0.666667 0.0539872
0 0 0.833333 0.625 0 0.0541398
0 0 0.833333 0.625 0.666667 0.0556962
0 0 0.833333 0.75 0 0.05591
0 0 1 0.125 0 0.0587787
0 0 1 0.125 0.666667 0.0596332
0 0 1 0.25 0.666667 0.0611285
0 0 1 0.375 0 0.0613728
0 0 1 0.375 0.333333 0.0618915
0 0 1 0.5 0 0.0637226
0 0 1 0.5 0.333333 0.0637226
0 0 1 0.5 0.666667 0.0639362
0 0 1 0.75 0.666667 0.0654317
0 0 1 0.875 0.666667 0.066164
0 0.166667 0 0.125 0 0.0688802
0 0.166667 0 0.125 0.666667 0.070284
0 0.166667 0 0.25 0.333333 0.0709251
0 0.166667 0 0.25 0.666667 0.0710166
0 0.166667 0 0.375 0 0.0711081
0 0.166667 0 0.375 0.333333 0.0717796
0 0.166667 0 0.375 0.666667 0.0721153
0 0.166667 0 0.5 0.666667 0.0732749
0 0.166667 0 0.75 0 0.075686
0 0.166667 0 0.75 0.333333 0.0757164
0 0.166667 0 0.875 0 0.0763879
0 0.166667 0 0.875 0.333333 0.0764489
0 0.166667 0 1 0 0.076693
0 0.166667 0.166667 0.125 0 0.0793481
0 0.166667 0.166667 0.125 0.666667 0.0796228
0 0.166667 0.166667 0.25 0 0.08005
0 0.166667 0.166667 0.25 0.333333 0.0801111
0 0.166667 0.166667 0.375 0 0.0803858
0 0.166667 0.166667 0.375 0.333333 0.0807215
0 0.166667 0.166667 0.625 0 0.0814845
0 0.166667 0.166667 0.75 0 0.0823694
0 0.166667 0.166667 1 0 0.0854519
0 0.166667 0.333333 0 0.666667 0.0898466
0 0.166667 0.333333 0.125 0.333333 0.0906704
0 0.166667 0.333333 0.25 0.666667 0.0926236
0 0.166667 0.333333 0.375 0 0.0927457
0 0.166667 0.333333 0.375 0.666667 0.0935392
0 0.166667 0.333333 0.5 0 0.0943938
0 0.166667 0.333333 0.5 0.333333 0.0943938
0 0.166667 0.333333 0.625 0.333333 0.0967132
0 0.166667 0.333333 0.75 0.666667 0.0988494
0 0.166667 0.333333 0.875 0.666667 0.099826
0 0.166667 0.333333 1 0 0.0999787
0 0.166667 0.333333 1 0.666667 0.100986
0 0.166667 0.5 0.25 0.666667 0.10358
0 0.166667 0.5 0.375 0.666667 0.10474
0 0.166667 0.5 0.5 0 0.104801
0 0.166667 0.5 0.75 0 0.106906
0 0.166667 0.5 0.75 0.666667 0.107517
0 0.166667 0.5 0.875 0.666667 0.108097
0 0.166667 0.5 1 0 0.108188
0 0.166667 0.5 1 0.666667 0.108554
0 0.166667 0.666667 0.125 0 0.109256
0 0.166667 0.666667 0.25 0.666667 0.11063
0 0.166667 0.666667 0.375 0 0.111454
0 0.166667 0.666667 0.375 0.333333 0.111576
0 0.166667 0.666667 0.375 0.666667 0.112186
0 0.166667 0.666667 0.5 0.333333 0.112613
0 0.166667 0.666667 0.5 0.666667 0.113773
0 0.166667 0.666667 0.625 0.666667 0.114536
0 0.166667 0.666667 0.75 0.333333 0.115604
0 0.166667 0.666667 1 0.333333 0.117649
0 0.166667 0.833333 0.125 0.333333 0.119785
0 0.166667 0.833333 0.25 0.333333 0.121738
0 0.166667 0.833333 0.25 0.666667 0.122532
0 0.166667 0.833333 0.5 0.333333 0.124638
0 0.166667 0.833333 0.5 0.666667 0.124638
0 0.166667 0.833333 0.625 0.333333 0.125095
0 0.166667 0.833333 0.625 0.666667 0.126377
0 0.166667 0.833333 0.75 0.333333 0.127232
0 0.166667 0.833333 0.75 0.666667 0.127629
0 0.166667 0.833333 0.875 0 0.12775
0 0.166667 0.833333 0.875 0.333333 0.128574
0 0.166667 1 0 0 0.131809
0 0.166667 1 0.125 0 0.133671
0 0.166667 1 0.125 0.333333 0.133701
0 0.166667 1 0.125 0.666667 0.134709
0 0.166667 1 0.25 0 0.134739
0 0.166667 1 0.375 0.333333 0.136113
0 0.166667 1 0.5 0 0.13654
0 0.166667 1 0.5 0.666667 0.139317
0 0.166667 1 0.75 0.333333 0.141087
0 0.166667 1 0.75 0.666667 0.141575
0 0.166667 1 0.875 0 0.142338
0 0.166667 1 1 0.666667 0.142857
0 0.333333 0 0 0 0.14301
0 0.333333 0 0 0.333333 0.143223
0 0.333333 0 0.125 0 0.143803
0 0.333333 0 0.125 0.666667 0.144475
0 0.333333 0 0.375 0 0.145116
0 0.333333 0 0.5 0 0.14655
0 0.333333 0 0.5 0.666667 0.147313
0 0.333333 0 0.625 0.333333 0.14832
0 0.333333 0 0.625 0.666667 0.148686
0 0.333333 0 0.875 0 0.150121
0 0.333333 0 0.875 0.666667 0.150883
0 0.333333 0 1 0.333333 0.151555
0 0.333333 0 1 0.666667 0.15183
0 0.333333 0.166667 0 0 0.151921
0 0.333333 0.166667 0 0.333333 0.152196
0 0.333333 0.166667 0.125 0 0.152591
0 0.333333 0.166667 0.125 0.333333 0.152653
0 0.333333 0.166667 0.125 0.666667 0.152777
0 0.333333 0.166667 0.25 0.666667 0.153509
0 0.333333 0.166667 0.375 0 0.153966
0 0.333333 0.166667 0.5 0 0.15476
0 0.333333 0.166667 0.75 0 0.156591
0 0.333333 0.166667 0.75 0.666667 0.157415
0 0.333333 0.166667 0.875 0.666667 0.159306
0 0.333333 0.166667 1 0.666667 0.16184
0 0.333333 0.333333 0 0 0.162968
0 0.333333 0.333333 0.125 0 0.165898
0 0.333333 0.333333 0.375 0 0.169226
0 0.333333 0.333333 0.5 0.333333 0.169866
0 0.333333 0.333333 0.5 0.666667 0.170568
0 0.333333 0.333333 0.625 0.333333 0.170964
0 0.333333 0.333333 0.75 0 0.171789
0 0.333333 0.333333 0.75 0.333333 0.17246
0 0.333333 0.333333 0.875 0.666667 0.173528
0 0.333333 0.333333 1 0.666667 0.174138
0 0.333333 0.5 0.125 0 0.175543
0 0.333333 0.5 0.125 0.666667 0.176581
0 0.333333 0.5 0.25 0.666667 0.17826
0 0.333333 0.5 0.375 0 0.178351
0 0.333333 0.5 0.375 0.666667 0.179266
0 0.333333 0.5 0.625 0 0.181432
0 0.333333 0.5 0.625 0.333333 0.182104
0 0.333333 0.5 0.625 0.666667 0.182287
0 0.333333 0.5 0.875 0 0.183751
0 0.333333 0.5 0.875 0.666667 0.18427
0 0.333333 0.5 1 0.666667 0.185462
0 0.333333 0.666667 0 0.333333 0.186926
0 0.333333 0.666667 0 0.666667 0.187232
0 0.333333 0.666667 0.125 0.333333 0.187657
0 0.333333 0.666667 0.125 0.666667 0.18836
0 0.333333 0.666667 0.25 0.333333 0.189002
0 0.333333 0.666667 0.375 0 0.189947
0 0.333333 0.666667 0.5 0 0.191351
0 0.333333 0.666667 0.5 0.333333 0.191413
0 0.333333 0.666667 0.5 0.666667 0.19187
0 0.333333 0.666667 0.625 0 0.192909
0 0.333333 0.666667 0.625 0.666667 0.194068
0 0.333333 0.666667 0.875 0.333333 0.195989
0 0.333333 0.666667 0.875 0.666667 0.196509
0 0.333333 0.666667 1 0.333333 0.197119
0 0.333333 0.666667 1 0.666667 0.197364
0 0.333333 0.833333 0 0.333333 0.197668
0 0.333333 0.833333 0.125 0 0.197698
0 0.333333 0.833333 0.125 0.333333 0.19773
0 0.333333 0.833333 0.25 0 0.197943
0 0.333333 0.833333 0.25 0.666667 0.198706
0 0.333333 0.833333 0.375 0.333333 0.199591
0 0.333333 0.833333 0.5 0 0.199621
0 0.333333 0.833333 0.5 0.333333 0.20017
0 0.333333 0.833333 0.625 0 0.201483
0 0.333333 0.833333 0.625 0.666667 0.20194
0 0.333333 0.833333 0.75 0 0.201972
0 0.333333 0.833333 1 0 0.204596
0 0.333333 0.833333 1 0.666667 0.204628
0 0.333333 1 0 0.333333 0.20536
0 0.333333 1 0.125 0.333333 0.205909
0 0.333333 1 0.25 0.666667 0.208015
0 0.333333 1 0.375 0.666667 0.210579
0 0.333333 1 0.5 0 0.210638
0 0.333333 1 0.5 0.333333 0.211036
0 0.333333 1 0.625 0 0.211279
0 0.333333 1 0.75 0 0.212774
0 0.333333 1 0.75 0.333333 0.213477
0 0.333333 1 0.875 0.666667 0.215919
0 0.333333 1 1 0 0.216223
0 0.333333 1 1 0.333333 0.216772
0 0.333333 1 1 0.666667 0.217536
0 0.5 0 0 0 0.217566
0 0.5 0 0 0.333333 0.218268
0 0.5 0 0.125 0 0.218634
0 0.5 0 0.375 0.666667 0.220679
0 0.5 0 0.5 0 0.220953
0 0.5 0 0.5 0.666667 0.221626
0 0.5 0 0.75 0 0.222664
0 0.5 0 0.75 0.333333 0.22364
0 0.5 0 1 0 0.225104
0 0.5 0 1 0.666667 0.227087
0 0.5 0.166667 0 0 0.227302
0 0.5 0.166667 0.125 0.333333 0.228249
0 0.5 0.166667 0.25 0 0.228615
0 0.5 0.166667 0.375 0.333333 0.229317
0 0.5 0.166667 0.5 0 0.229438
0 0.5 0.166667 0.75 0 0.231513
0 0.5 0.166667 0.875 0 0.232062
0 0.5 0.166667 1 0.333333 0.232764
0 0.5 0.333333 0 0 0.234077
0 0.5 0.333333 0 0.333333 0.234351
0 0.5 0.333333 0.25 0 0.236213
0 0.5 0.333333 0.25 0.666667 0.237068
0 0.5 0.333333 0.375 0 0.237526
0 0.5 0.333333 0.5 0.333333 0.239998
0 0.5 0.333333 0.5 0.666667 0.240547
0 0.5 0.333333 0.625 0.333333 0.241249
0 0.5 0.333333 0.875 0.333333 0.242957
0 0.5 0.333333 1 0.333333 0.245491
0 0.5 0.5 0 0 0.246345
0 0.5 0.5 0 0.666667 0.247383
0 0.5 0.5 0.375 0 0.249855
0 0.5 0.5 0.5 0.666667 0.251962
0 0.5 0.5 0.75 0.333333 0.254189
0 0.5 0.5 0.75 0.666667 0.254709
0 0.5 0.5 0.875 0.333333 0.255134
0 0.5 0.666667 0 0 0.256509
0 0.5 0.666667 0 0.666667 0.256996
0 0.5 0.666667 0.25 0 0.258981
0 0.5 0.666667 0.25 0.333333 0.259164
0 0.5 0.666667 0.25 0.666667 0.259987
0 0.5 0.666667 0.375 0 0.2602
0 0.5 0.666667 0.5 0 0.26133
0 0.5 0.666667 0.625 0.333333 0.263619
0 0.5 0.666667 0.625 0.666667 0.264596
0 0.5 0.666667 0.75 0 0.264932
0 0.5 0.666667 0.75 0.666667 0.265266
0 0.5 0.666667 0.875 0 0.265726
0 0.5 0.666667 1 0.666667 0.267098
0 0.5 0.833333 0 0 0.267128
0 0.5 0.833333 0 0.333333 0.267311
0 0.5 0.833333 0.125 0.666667 0.268715
0 0.5 0.833333 0.25 0 0.269264
0 0.5 0.833333 0.25 0.333333 0.269355
0 0.5 0.833333 0.375 0.666667 0.271309
0 0.5 0.833333 0.5 0 0.27134
0 0.5 0.833333 0.5 0.333333 0.271494
0 0.5 0.833333 0.625 0.333333 0.272379
0 0.5 0.833333 0.625 0.666667 0.27247
0 0.5 0.833333 0.75 0.333333 0.272683
0 0.5 0.833333 0.875 0.666667 0.274972
0 0.5 0.833333 1 0 0.274972
0 0.5 0.833333 1 0.333333 0.275887
0 0.5 1 0.125 0.666667 0.279306
0 0.5 1 0.25 0 0.279428
0 0.5 1 0.375 0.666667 0.281381
0 0.5 1 0.5 0 0.281747
0 0.5 1 0.5 0.333333 0.282236
0 0.5 1 0.75 0.333333 0.283119
0 0.5 1 0.875 0.666667 0.284372
0 0.5 1 1 0.333333 0.285562
0 0.666667 0 0 0.666667 0.287026
0 0.666667 0 0.125 0 0.288645
0 0.666667 0 0.375 0.333333 0.289804
0 0.666667 0 0.375 0.666667 0.289955
0 0.666667 0 0.5 0 0.290017
0 0.666667 0 0.5 0.666667 0.29017
0 0.666667 0 0.875 0.333333 0.292153
0 0.666667 0 1 0 0.293009
0 0.666667 0 1 0.666667 0.294747
0 0.666667 0.166667 0 0.333333 0.295298
0 0.666667 0.166667 0 0.666667 0.296457
0 0.666667 0.166667 0.25 0 0.298502
0 0.666667 0.166667 0.375 0.333333 0.300057
0 0.666667 0.166667 0.375 0.666667 0.300606
0 0.666667 0.166667 0.5 0 0.300698
0 0.666667 0.166667 0.5 0.666667 0.300913
0 0.666667 0.166667 0.75 0 0.302285
0 0.666667 0.166667 0.75 0.666667 0.303049
0 0.666667 0.166667 0.875 0.666667 0.30427
0 0.666667 0.166667 1 0.666667 0.305247
0 0.666667 0.333333 0 0 0.305306
0 0.666667 0.333333 0 0.333333 0.30543
0 0.666667 0.333333 0.125 0 0.306406
0 0.666667 0.333333 0.25 0 0.307474
0 0.666667 0.333333 0.25 0.333333 0.307626
0 0.666667 0.333333 0.5 0 0.310313
0 0.666667 0.333333 0.5 0.333333 0.310555
0 0.666667 0.333333 0.625 0 0.311136
0 0.666667 0.333333 0.75 0 0.313364
0 0.666667 0.333333 0.75 0.666667 0.314066
0 0.666667 0.333333 0.875 0.333333 0.315013
0 0.666667 0.333333 1 0.666667 0.316874
0 0.666667 0.5 0 0.333333 0.317179
0 0.666667 0.5 0 0.666667 0.31727
0 0.666667 0.5 0.125 0 0.318064
0 0.666667 0.5 0.25 0 0.319864
0 0.666667 0.5 0.25 0.666667 0.320383
0 0.666667 0.5 0.375 0.333333 0.321604
0 0.666667 0.5 0.5 0.333333 0.322123
0 0.666667 0.5 0.75 0 0.324564
0 0.666667 0.5 0.75 0.333333 0.32493
0 0.666667 0.5 0.875 0 0.325847
0 0.666667 0.5 0.875 0.333333 0.325968
0 0.666667 0.5 1 0 0.326457
0 0.666667 0.5 1 0.333333 0.326549
0 0.666667 0.666667 0.125 0.333333 0.329509
0 0.666667 0.666667 0.25 0 0.330087
0 0.666667 0.666667 0.25 0.666667 0.331462
0 0.666667 0.666667 0.375 0 0.331615
0 0.666667 0.666667 0.375 0.333333 0.332132
0 0.666667 0.666667 0.5 0 0.332774
0 0.666667 0.666667 0.5 0.666667 0.333719
0 0.666667 0.666667 0.625 0.666667 0.334055
0 0.666667 0.666667 0.75 0 0.335277
0 0.666667 0.666667 0.75 0.333333 0.335306
0 0.666667 0.666667 0.75 0.666667 0.335734
0 0.666667 0.666667 0.875 0.333333 0.336315
0 0.666667 0.666667 0.875 0.666667 0.336406
0 0.666667 0.666667 1 0.333333 0.337413
0 0.666667 0.666667 1 0.666667 0.337474
0 0.666667 0.833333 0 0.666667 0.3379
0 0.666667 0.833333 0.125 0 0.337991
0 0.666667 0.833333 0.25 0.333333 0.340983
0 0.666667 0.833333 0.25 0.666667 0.341532
0 0.666667 0.833333 0.375 0 0.341564
0 0.666667 0.833333 0.375 0.333333 0.341564
0 0.666667 0.833333 0.5 0.333333 0.342966
0 0.666667 0.833333 0.5 0.666667 0.343119
0 0.666667 0.833333 0.625 0 0.343243
0 0.666667 0.833333 0.625 0.333333 0.343577
0 0.666667 0.833333 0.75 0.333333 0.345562
0 0.666667 0.833333 0.875 0.333333 0.34614
0 0.666667 0.833333 1 0 0.346966
0 0.666667 0.833333 1 0.333333 0.347179
0 0.666667 1 0 0.333333 0.347698
0 0.666667 1 0.125 0 0.348155
0 0.666667 1 0.25 0 0.349345
0 0.666667 1 0.25 0.333333 0.349589
0 0.666667 1 0.375 0 0.350262
0 0.666667 1 0.5 0.666667 0.352123
0 0.666667 1 0.625 0.333333 0.353985
0 0.666667 1 0.625 0.666667 0.354015
0 0.666667 1 0.75 0 0.354685
0 0.666667 1 0.875 0 0.355449
0 0.666667 1 0.875 0.333333 0.355449
0 0.666667 1 0.875 0.666667 0.355906
0 0.833333 0 0 0 0.358868
0 0.833333 0 0 0.333333 0.359417
0 0.833333 0 0 0.666667 0.35963
0 0.833333 0 0.125 0.333333 0.360057
0 0.833333 0 0.25 0 0.361004
0 0.833333 0 0.375 0.333333 0.362377
0 0.833333 0 0.5 0 0.363262
0 0.833333 0 0.5 0.666667 0.365277
0 0.833333 0 0.625 0 0.366894
0 0.833333 0 0.625 0.666667 0.367534
0 0.833333 0 0.75 0 0.367566
0 0.833333 0 0.75 0.666667 0.36784
0 0.833333 0 0.875 0.333333 0.368481
0 0.833333 0 1 0 0.368602
0 0.833333 0 1 0.666667 0.369183
0 0.833333 0.166667 0 0.666667 0.371045
0 0.833333 0.166667 0.125 0.666667 0.371989
0 0.833333 0.166667 0.25 0.666667 0.373821
0 0.833333 0.166667 0.5 0 0.374736
0 0.833333 0.166667 0.5 0.333333 0.374981
0 0.833333 0.166667 0.625 0 0.375134
0 0.833333 0.166667 0.625 0.333333 0.375226
0 0.833333 0.166667 0.875 0.333333 0.378185
0 0.833333 0.166667 1 0.333333 0.379132
0 0.833333 0.333333 0 0.333333 0.380109
0 0.833333 0.333333 0.125 0.666667 0.381604
0 0.833333 0.333333 0.25 0.333333 0.382366
0 0.833333 0.333333 0.25 0.666667 0.382581
0 0.833333 0.333333 0.5 0 0.383617
0 0.833333 0.333333 0.5 0.666667 0.383953
0 0.833333 0.333333 0.75 0 0.386181
0 0.833333 0.333333 0.875 0.333333 0.388104
0 0.833333 0.333333 0.875 0.666667 0.388257
0 0.833333 0.333333 1 0 0.388287
0 0.833333 0.333333 1 0.333333 0.388623
0 0.833333 0.333333 1 0.666667 0.388715
0 0.833333 0.5 0 0.666667 0.389385
0 0.833333 0.5 0.5 0.666667 0.394696
0 0.833333 0.5 0.75 0 0.394849
0 0.833333 0.5 0.75 0.666667 0.395185
0 0.833333 0.5 0.875 0 0.396528
0 0.833333 0.5 0.875 0.333333 0.396528
0 0.833333 0.5 1 0 0.396953
0 0.833333 0.5 1 0.333333 0.397413
0 0.833333 0.5 1 0.666667 0.397596
0 0.833333 0.666667 0.125 0.333333 0.398053
0 0.833333 0.666667 0.125 0.666667 0.398236
0 0.833333 0.666667 0.25 0.333333 0.398664
0 0.833333 0.666667 0.625 0 0.402509
0 0.833333 0.666667 0.75 0.333333 0.404706
0 0.833333 0.666667 1 0 0.406813
0 0.833333 0.833333 0 0.666667 0.408979
0 0.833333 0.833333 0.125 0.333333 0.410292
0 0.833333 0.833333 0.25 0 0.410534
0 0.833333 0.833333 0.25 0.666667 0.411268
0 0.833333 0.833333 0.375 0.666667 0.411696
0 0.833333 0.833333 0.5 0 0.412274
0 0.833333 0.833333 0.5 0.333333 0.412764
0 0.833333 0.833333 0.5 0.666667 0.413496
0 0.833333 0.833333 0.625 0 0.4138
0 0.833333 0.833333 0.625 0.333333 0.414228
0 0.833333 0.833333 0.625 0.666667 0.414381
0 0.833333 0.833333 0.75 0 0.414411
0 0.833333 0.833333 0.875 0 0.415296
0 0.833333 0.833333 0.875 0.333333 0.416517
0 0.833333 0.833333 1 0 0.417921
0 0.833333 0.833333 1 0.333333 0.417921
0 0.833333 0.833333 1 0.666667 0.418043
0 0.833333 1 0 0.333333 0.4185
0 0.833333 1 0 0.666667 0.418592
0 0.833333 1 0.125 0.666667 0.420332
0 0.833333 1 0.25 0 0.421949
0 0.833333 1 0.25 0.666667 0.422713
0 0.833333 1 0.375 0 0.422834
0 0.833333 1 0.5 0.333333 0.423657
0 0.833333 1 0.5 0.666667 0.425123
0 0.833333 1 0.625 0.333333 0.426221
0 0.833333 1 0.75 0.666667 0.426802
0 1 0 0 0 0.430036
0 1 0 0 0.666667 0.430891
0 1 0 0.125 0.333333 0.431715
0 1 0 0.125 0.666667 0.432172
0 1 0 0.25 0.666667 0.43327
0 1 0 0.5 0 0.435072
0 1 0 0.5 0.666667 0.43556
0 1 0 0.625 0.333333 0.436689
0 1 0 0.75 0.333333 0.437728
0 1 0 0.875 0.333333 0.43907
0 1 0 1 0 0.439406
0 1 0 1 0.333333 0.439864
0 1 0.166667 0 0 0.440321
0 1 0.166667 0.125 0 0.44206
0 1 0.166667 0.125 0.333333 0.442091
0 1 0.166667 0.25 0 0.443189
0 1 0.166667 0.25 0.333333 0.445234
0 1 0.166667 0.375 0 0.445692
0 1 0.166667 0.375 0.666667 0.446028
0 1 0.166667 0.5 0.333333 0.446455
0 1 0.166667 0.625 0 0.447889
0 1 0.166667 0.625 0.333333 0.448255
0 1 0.333333 0 0.333333 0.451704
0 1 0.333333 0.125 0.666667 0.453964
0 1 0.333333 0.25 0.333333 0.454513
0 1 0.333333 0.25 0.666667 0.454513
0 1 0.333333 0.375 0.333333 0.454787
0 1 0.333333 0.375 0.666667 0.455457
0 1 0.333333 0.5 0 0.455702
0 1 0.333333 0.5 0.666667 0.456404
0 1 0.333333 0.625 0.333333 0.456617
0 1 0.333333 0.625 0.666667 0.456679
0 1 0.333333 0.75 0 0.457443
0 1 0.333333 0.875 0 0.458449
0 1 0.333333 1 0.333333 0.46196
0 1 0.5 0 0 0.462202
0 1 0.5 0 0.333333 0.462264
0 1 0.5 0 0.666667 0.463423
0 1 0.5 0.125 0.333333 0.464034
0 1 0.5 0.25 0 0.46556
0 1 0.5 0.25 0.333333 0.465774
0 1 0.5 0.375 0 0.466291
0 1 0.5 0.375 0.666667 0.46846
0 1 0.5 0.5 0.333333 0.470932
0 1 0.5 0.625 0 0.471726
0 1 0.5 0.75 0 0.472334
0 1 0.5 0.75 0.333333 0.472885
0 1 0.5 0.875 0 0.473921
0 1 0.5 1 0 0.475264
0 1 0.5 1 0.666667 0.475753
0 1 0.666667 0 0 0.476547
0 1 0.666667 0 0.666667 0.478072
0 1 0.666667 0.5 0 0.482589
0 1 0.666667 0.625 0 0.482985
0 1 0.666667 0.625 0.333333 0.48323
0 1 0.666667 0.625 0.666667 0.484298
0 1 0.666667 0.75 0.666667 0.484938
0 1 0.666667 0.875 0 0.48497
0 1 0.666667 0.875 0.333333 0.486587
0 1 0.666667 0.875 0.666667 0.486679
0 1 0.666667 1 0.666667 0.488083
0 1 0.833333 0 0 0.488357
0 1 0.833333 0.125 0 0.490555
0 1 0.833333 0.125 0.333333 0.490738
0 1 0.833333 0.25 0.333333 0.491043
0 1 0.833333 0.375 0.333333 0.4915
0 1 0.833333 0.5 0 0.492538
0 1 0.833333 0.5 0.333333 0.49263
0 1 0.833333 0.625 0 0.494462
0 1 0.833333 1 0 0.498489
0 1 1 0 0 0.498764
0 1 1 0.125 0.666667 0.500443
0 1 1 0.25 0 0.5009
0 1 1 0.375 0 0.501906
0 1 1 0.375 0.333333 0.502762
0 1 1 0.375 0.666667 0.503921
0 1 1 0.5 0 0.504136
0 1 1 0.5 0.333333 0.504806
0 1 1 0.5 0.666667 0.505051
0 1 1 0.625 0 0.505538
0 1 1 0.625 0.666667 0.506302
0 1 1 0.75 0 0.506455
0 1 1 0.875 0 0.50786
0 1 1 0.875 0.666667 0.50914
0 1 1 1 0.333333 0.509568
1 0 0 0.125 0.333333 0.513534
1 0 0 0.125 0.666667 0.513566
1 0 0 0.25 0.333333 0.513932
1 0 0 0.375 0 0.514481
1 0 0 0.375 0.333333 0.515091
1 0 0 0.5 0.333333 0.516526
1 0 0 0.5 0.666667 0.517015
1 0 0 0.625 0.333333 0.517228
1 0 0 0.875 0 0.519485
1 0 0 0.875 0.333333 0.519883
1 0 0 1 0 0.520738
1 0 0 1 0.333333 0.521438
1 0 0.166667 0 0 0.521957
1 0 0.166667 0.125 0 0.5226
1 0 0.166667 0.125 0.666667 0.524583
1 0 0.166667 0.25 0.333333 0.524887
1 0 0.166667 0.25 0.666667 0.525102
1 0 0.166667 0.375 0 0.525194
1 0 0.166667 0.5 0 0.525713
1 0 0.166667 0.5 0.333333 0.525926
1 0 0.166667 0.5 0.666667 0.526536
1 0 0.166667 0.625 0.333333 0.527421
1 0 0.166667 0.875 0 0.531664
1 0 0.166667 0.875 0.333333 0.531664
1 0 0.166667 0.875 0.666667 0.531998
1 0 0.166667 1 0.333333 0.532579
1 0 0.166667 1 0.666667 0.532883
1 0 0.333333 0.25 0.333333 0.536455
1 0 0.333333 0.75 0 0.539934
1 0 0.333333 0.75 0.333333 0.540574
1 0 0.333333 0.875 0 0.542406
1 0 0.333333 0.875 0.666667 0.543443
1 0 0.5 0 0 0.544481
1 0 0.5 0 0.333333 0.545091
1 0 0.5 0 0.666667 0.545183
1 0 0.5 0.125 0.666667 0.546343
1 0 0.5 0.25 0 0.546464
1 0 0.5 0.25 0.666667 0.546953
1 0 0.5 0.5 0.333333 0.548051
1 0 0.5 0.5 0.666667 0.548234
1 0 0.5 0.75 0 0.548845
1 0 0.5 0.75 0.333333 0.549547
1 0 0.5 0.875 0 0.550187
1 0 0.5 0.875 0.666667 0.551104
1 0 0.5 1 0.666667 0.552689
1 0 0.666667 0 0.666667 0.553209
1 0 0.666667 0.125 0.333333 0.553483
1 0 0.666667 0.125 0.666667 0.554034
1 0 0.666667 0.5 0 0.557604
1 0 0.666667 0.5 0.666667 0.55797
1 0 0.666667 0.625 0 0.558489
1 0 0.666667 0.625 0.333333 0.559038
1 0 0.666667 0.875 0 0.560991
1 0 0.666667 0.875 0.333333 0.561296
1 0 0.666667 0.875 0.666667 0.561449
1 0 0.666667 1 0.666667 0.562579
1 0 0.833333 0 0 0.562853
1 0 0.833333 0.125 0 0.563585
1 0 0.833333 0.125 0.666667 0.563951
1 0 0.833333 0.25 0.333333 0.564379
1 0 0.833333 0.25 0.666667 0.564683
1 0 0.833333 0.375 0 0.565477
1 0 0.833333 0.375 0.666667 0.565813
1 0 0.833333 0.5 0 0.567155
1 0 0.833333 0.5 0.666667 0.567279
1 0 0.833333 0.75 0.333333 0.568681
1 0 0.833333 0.75 0.666667 0.568743
1 0 0.833333 1 0 0.569506
1 0 0.833333 1 0.333333 0.569536
1 0 1 0 0.333333 0.570268
1 0 1 0 0.666667 0.570574
1 0 1 0.125 0 0.570696
1 0 1 0.125 0.666667 0.571185
1 0 1 0.25 0.333333 0.571336
1 0 1 0.625 0 0.5739
1 0 1 0.625 0.333333 0.574328
1 0 1 0.625 0.666667 0.574449
1 0 1 0.875 0.333333 0.576251
1 0 1 1 0 0.576862
1 0 1 1 0.333333 0.577257
1 0.166667 0 0 0 0.57857
1 0.166667 0 0 0.333333 0.578783
1 0.166667 0 0 0.666667 0.579547
1 0.166667 0 0.125 0.666667 0.580432
1 0.166667 0 0.25 0.333333 0.580981
1 0.166667 0 0.375 0.666667 0.582751
1 0.166667 0 0.5 0 0.582813
1 0.166667 0 0.5 0.333333 0.582996
1 0.166667 0 0.875 0.666667 0.585926
1 0.166667 0 1 0.666667 0.588428
1 0.166667 0.166667 0 0 0.589434
1 0.166667 0.166667 0 0.333333 0.590626
1 0.166667 0.166667 0 0.666667 0.590747
1 0.166667 0.166667 0.125 0.666667 0.591936
1 0.166667 0.166667 0.25 0 0.592211
1 0.166667 0.166667 0.25 0.333333 0.592364
1 0.166667 0.166667 0.25 0.666667 0.592455
1 0.166667 0.166667 0.375 0 0.59267
1 0.166667 0.166667 0.375 0.333333 0.592853
1 0.166667 0.166667 0.5 0.333333 0.594774
1 0.166667 0.166667 0.5 0.666667 0.594806
1 0.166667 0.166667 0.625 0.333333 0.596302
1 0.166667 0.166667 0.75 0.666667 0.597155
1 0.166667 0.333333 0 0 0.600055
1 0.166667 0.333333 0 0.333333 0.600238
1 0.166667 0.333333 0 0.666667 0.600513
1 0.166667 0.333333 0.125 0 0.600909
1 0.166667 0.333333 0.125 0.333333 0.601062
1 0.166667 0.333333 0.25 0 0.601764
1 0.166667 0.333333 0.25 0.666667 0.603351
1 0.166667 0.333333 0.375 0 0.603381
1 0.166667 0.333333 0.5 0 0.604053
1 0.166667 0.333333 0.5 0.666667 0.604298
1 0.166667 0.333333 0.625 0 0.604572
1 0.166667 0.333333 0.625 0.333333 0.604632
1 0.166667 0.333333 0.75 0 0.604723
1 0.166667 0.333333 0.75 0.666667 0.605915
1 0.166667 0.333333 0.875 0.333333 0.606219
1 0.166667 0.333333 1 0.666667 0.60686
1 0.166667 0.5 0 0.666667 0.607685
1 0.166667 0.5 0.125 0 0.608021
1 0.166667 0.5 0.375 0 0.609638
1 0.166667 0.5 0.375 0.333333 0.611102
1 0.166667 0.5 0.5 0 0.611591
1 0.166667 0.5 0.625 0 0.612232
1 0.166667 0.5 0.625 0.666667 0.612598
1 0.166667 0.5 0.75 0 0.612751
1 0.166667 0.5 0.75 0.333333 0.612904
1 0.166667 0.5 0.75 0.666667 0.612904
1 0.166667 0.5 0.875 0.333333 0.61446
1 0.166667 0.5 1 0 0.614521
1 0.166667 0.5 1 0.333333 0.614704
1 0.166667 0.666667 0 0 0.615528
1 0.166667 0.666667 0 0.333333 0.615528
1 0.166667 0.666667 0 0.666667 0.615711
1 0.166667 0.666667 0.125 0 0.615802
1 0.166667 0.666667 0.125 0.666667 0.61626
1 0.166667 0.666667 0.375 0.333333 0.618732
1 0.166667 0.666667 0.375 0.666667 0.618855
1 0.166667 0.666667 0.5 0 0.619189
1 0.166667 0.666667 0.5 0.666667 0.620319
1 0.166667 0.666667 0.625 0.666667 0.621234
1 0.166667 0.666667 0.75 0 0.621449
1 0.166667 0.666667 1 0 0.62337
1 0.166667 0.666667 1 0.333333 0.624043
1 0.166667 0.833333 0.125 0.666667 0.625294
1 0.166667 0.833333 0.25 0 0.625415
1 0.166667 0.833333 0.5 0.333333 0.627979
1 0.166667 0.833333 0.625 0 0.628498
1 0.166667 0.833333 0.625 0.333333 0.628681
1 0.166667 0.833333 0.625 0.666667 0.628713
1 0.166667 0.833333 0.75 0 0.628926
1 0.166667 0.833333 0.75 0.666667 0.629474
1 0.166667 0.833333 0.875 0 0.629902
1 0.166667 0.833333 1 0.666667 0.630696
1 0.166667 1 0 0.333333 0.630849
1 0.166667 1 0 0.666667 0.63097
1 0.166667 1 0.125 0.333333 0.632038
1 0.166667 1 0.125 0.666667 0.632283
1 0.166667 1 0.25 0 0.632404
1 0.166667 1 0.25 0.666667 0.634113
1 0.166667 1 0.375 0 0.634266
1 0.166667 1 0.625 0.333333 0.636464
1 0.166667 1 0.625 0.666667 0.63747
1 0.166667 1 0.75 0.666667 0.638234
1 0.166667 1 0.875 0.333333 0.639913
1 0.166667 1 1 0 0.640798
1 0.333333 0 0 0 0.641347
1 0.333333 0 0 0.666667 0.641743
1 0.333333 0 0.375 0.333333 0.643879
1 0.333333 0 0.5 0.333333 0.644521
1 0.333333 0 0.5 0.666667 0.644917
1 0.333333 0 0.625 0.333333 0.6451
1 0.333333 0 0.625 0.666667 0.645557
1 0.333333 0 0.75 0 0.646504
1 0.333333 0 0.75 0.666667 0.64687
1 0.333333 0 0.875 0 0.647634
1 0.333333 0 0.875 0.333333 0.647634
1 0.333333 0 0.875 0.666667 0.648977
1 0.333333 0.166667 0 0.333333 0.650594
1 0.333333 0.166667 0 0.666667 0.650747
1 0.333333 0.166667 0.125 0.333333 0.65273
1 0.333333 0.166667 0.125 0.666667 0.653432
1 0.333333 0.166667 0.375 0 0.654836
1 0.333333 0.166667 0.375 0.333333 0.654896
1 0.333333 0.166667 0.375 0.666667 0.655415
1 0.333333 0.166667 0.5 0.666667 0.656757
1 0.333333 0.166667 0.625 0.666667 0.657521
1 0.333333 0.166667 0.75 0 0.657583
1 0.333333 0.166667 0.875 0 0.65804
1 0.333333 0.166667 0.875 0.333333 0.658436
1 0.333333 0.166667 0.875 0.666667 0.658498
1 0.333333 0.166667 1 0.333333 0.659719
1 0.333333 0.333333 0 0 0.660115
1 0.333333 0.333333 0 0.666667 0.660451
1 0.333333 0.333333 0.125 0 0.661
1 0.333333 0.333333 0.125 0.333333 0.662068
1 0.333333 0.333333 0.25 0.333333 0.662985
1 0.333333 0.333333 0.25 0.666667 0.663045
1 0.333333 0.333333 0.375 0.666667 0.664906
1 0.333333 0.333333 0.625 0.666667 0.668385
1 0.333333 0.333333 0.75 0.333333 0.669728
1 0.333333 0.333333 0.875 0 0.670247
1 0.333333 0.333333 1 0.666667 0.671774
1 0.333333 0.5 0.125 0 0.674581
1 0.333333 0.5 0.125 0.333333 0.674643
1 0.333333 0.5 0.375 0 0.677938
1 0.333333 0.5 0.375 0.333333 0.678274
1 0.333333 0.5 0.5 0 0.67983
1 0.333333 0.5 0.5 0.333333 0.679921
1 0.333333 0.5 0.5 0.666667 0.680257
1 0.333333 0.5 0.625 0.333333 0.680777
1 0.333333 0.5 0.75 0.666667 0.682423
1 0.333333 0.5 0.875 0.333333 0.683187
1 0.333333 0.5 1 0.666667 0.684562
1 0.333333 0.666667 0 0 0.68563
1 0.333333 0.666667 0.125 0 0.68743
1 0.333333 0.666667 0.25 0.333333 0.688681
1 0.333333 0.666667 0.375 0 0.689504
1 0.333333 0.666667 0.375 0.333333 0.689504
1 0.333333 0.666667 0.875 0.333333 0.6928
1 0.333333 0.666667 0.875 0.666667 0.692891
1 0.333333 0.666667 1 0.666667 0.694296
1 0.333333 0.833333 0 0.666667 0.695762
1 0.333333 0.833333 0.125 0.333333 0.696311
1 0.333333 0.833333 0.25 0 0.697287
1 0.333333 0.833333 0.375 0.333333 0.698417
1 0.333333 0.833333 0.5 0.333333 0.69927
1 0.333333 0.833333 0.625 0.333333 0.700553
1 0.333333 0.833333 0.75 0.333333 0.703177
1 0.333333 0.833333 0.875 0 0.704153
1 0.333333 0.833333 0.875 0.333333 0.706381
1 0.333333 0.833333 1 0 0.706564
1 0.333333 0.833333 1 0.333333 0.706626
1 0.333333 1 0 0.333333 0.707602
1 0.333333 1 0.125 0.333333 0.707906
1 0.333333 1 0.25 0 0.708517
1 0.333333 1 0.25 0.333333 0.708762
1 0.333333 1 0.25 0.666667 0.709343
1 0.333333 1 0.375 0.333333 0.709402
1 0.333333 1 0.375 0.666667 0.7098
1 0.333333 1 0.5 0 0.710196
1 0.333333 1 0.5 0.666667 0.710502
1 0.333333 1 0.625 0 0.71163
1 0.333333 1 0.75 0 0.713828
1 0.333333 1 0.75 0.666667 0.714134
1 0.333333 1 0.875 0 0.715323
1 0.333333 1 0.875 0.666667 0.716604
1 0.5 0 0.125 0 0.720909
1 0.5 0 0.25 0.666667 0.722098
1 0.5 0 0.5 0.333333 0.724174
1 0.5 0 0.625 0.333333 0.725028
1 0.5 0 0.75 0 0.7257
1 0.5 0 1 0.333333 0.727683
1 0.5 0 1 0.666667 0.727774
1 0.5 0.166667 0.125 0 0.728447
1 0.5 0.166667 0.125 0.333333 0.729179
1 0.5 0.166667 0.375 0 0.731436
1 0.5 0.166667 0.5 0.333333 0.732138
1 0.5 0.166667 0.5 0.666667 0.7322
1 0.5 0.166667 0.625 0.333333 0.733085
1 0.5 0.166667 0.75 0.666667 0.73397
1 0.5 0.166667 1 0 0.735923
1 0.5 0.333333 0 0 0.73626
1 0.5 0.333333 0 0.333333 0.736381
1 0.5 0.333333 0.125 0.666667 0.737998
1 0.5 0.333333 0.25 0 0.738517
1 0.5 0.333333 0.375 0.666667 0.739464
1 0.5 0.333333 0.5 0 0.739677
1 0.5 0.333333 0.5 0.666667 0.739921
1 0.5 0.333333 0.625 0.666667 0.740898
1 0.5 0.333333 0.75 0 0.741813
1 0.5 0.333333 0.75 0.666667 0.743126
1 0.5 0.333333 0.875 0.333333 0.743279
1 0.5 0.333333 1 0.666667 0.744315
1 0.5 0.5 0 0 0.744347
1 0.5 0.5 0.125 0.333333 0.745353
1 0.5 0.5 0.375 0 0.746849
1 0.5 0.5 0.375 0.666667 0.746911
1 0.5 0.5 0.5 0 0.747215
1 0.5 0.5 0.5 0.333333 0.747215
1 0.5 0.5 0.625 0.666667 0.748315
1 0.5 0.5 0.75 0.666667 0.750634
1 0.5 0.5 0.875 0.666667 0.751549
1 0.5 0.5 1 0 0.751885
1 0.5 0.5 1 0.666667 0.752068
1 0.5 0.666667 0 0.333333 0.75283
1 0.5 0.666667 0.125 0 0.753319
1 0.5 0.666667 0.375 0.333333 0.756034
1 0.5 0.666667 0.375 0.666667 0.756066
1 0.5 0.666667 0.625 0 0.757104
1 0.5 0.666667 0.625 0.333333 0.757713
1 0.5 0.666667 0.625 0.666667 0.757896
1 0.5 0.666667 0.75 0 0.758538
1 0.5 0.666667 0.75 0.333333 0.758843
1 0.5 0.666667 1 0 0.761315
1 0.5 0.666667 1 0.333333 0.761377
1 0.5 0.666667 1 0.666667 0.761772
1 0.5 0.833333 0 0.333333 0.762047
1 0.5 0.833333 0 0.666667 0.762321
1 0.5 0.833333 0.125 0.666667 0.763664
1 0.5 0.833333 0.25 0 0.764274
1 0.5 0.833333 0.25 0.333333 0.764732
1 0.5 0.833333 0.25 0.666667 0.76516
1 0.5 0.833333 0.375 0.666667 0.765862
1 0.5 0.833333 0.5 0.666667 0.767266
1 0.5 0.833333 0.625 0.333333 0.768579
1 0.5 0.833333 0.625 0.666667 0.769066
1 0.5 0.833333 0.875 0 0.771019
1 0.5 0.833333 0.875 0.333333 0.771019
1 0.5 0.833333 1 0 0.771172
1 0.5 0.833333 1 0.333333 0.772179
1 0.5 1 0 0.333333 0.773491
1 0.5 1 0.125 0.666667 0.775017
1 0.5 1 0.25 0.333333 0.775872
1 0.5 1 0.25 0.666667 0.776026
1 0.5 1 0.375 0.333333 0.776666
1 0.5 1 0.5 0.666667 0.778283
1 0.666667 0 0 0.666667 0.783655
1 0.666667 0 0.25 0 0.784479
1 0.666667 0 0.25 0.333333 0.784632
1 0.666667 0 0.375 0.333333 0.786126
1 0.666667 0 0.5 0 0.786462
1 0.666667 0 0.625 0.333333 0.788111
1 0.666667 0 0.875 0.666667 0.790521
1 0.666667 0 1 0.333333 0.791985
1 0.666667 0.166667 0.125 0.666667 0.794428
1 0.666667 0.166667 0.25 0 0.794947
1 0.666667 0.166667 0.375 0.333333 0.79693
1 0.666667 0.166667 0.75 0 0.801202
1 0.666667 0.166667 0.75 0.333333 0.801417
1 0.666667 0.166667 0.75 0.666667 0.801538
1 0.666667 0.333333 0 0.333333 0.80453
1 0.666667 0.333333 0.25 0.666667 0.806543
1 0.666667 0.333333 0.375 0.333333 0.806726
1 0.666667 0.333333 0.375 0.666667 0.806879
1 0.666667 0.333333 0.5 0 0.807
1 0.666667 0.333333 0.5 0.333333 0.807611
1 0.666667 0.333333 0.75 0.333333 0.80926
1 0.666667 0.333333 0.75 0.666667 0.809779
1 0.666667 0.333333 0.875 0.333333 0.811121
1 0.666667 0.333333 0.875 0.666667 0.812098
1 0.666667 0.333333 1 0 0.812708
1 0.666667 0.5 0.125 0 0.815974
1 0.666667 0.5 0.125 0.666667 0.817194
1 0.666667 0.5 0.25 0 0.8175
1 0.666667 0.5 0.25 0.666667 0.817834
1 0.666667 0.5 0.375 0.333333 0.818079
1 0.666667 0.5 0.375 0.666667 0.81817
1 0.666667 0.5 0.5 0 0.818385
1 0.666667 0.5 0.5 0.666667 0.818536
1 0.666667 0.5 0.625 0 0.818964
1 0.666667 0.5 0.875 0.666667 0.821681
1 0.666667 0.5 1 0 0.82226
1 0.666667 0.5 1 0.333333 0.822351
1 0.666667 0.666667 0 0 0.822443
1 0.666667 0.666667 0 0.666667 0.823053
1 0.666667 0.666667 0.125 0 0.82336
1 0.666667 0.666667 0.25 0.333333 0.824977
1 0.666667 0.666667 0.5 0 0.826685
1 0.666667 0.666667 0.625 0.333333 0.828638
1 0.666667 0.666667 0.875 0.666667 0.83166
1 0.666667 0.666667 1 0.333333 0.832636
1 0.666667 0.666667 1 0.666667 0.834315
1 0.666667 0.833333 0 0 0.834619
1 0.666667 0.833333 0.125 0 0.834926
1 0.666667 0.833333 0.125 0.333333 0.83523
1 0.666667 0.833333 0.25 0.333333 0.836666
1 0.666667 0.833333 0.25 0.666667 0.837183
1 0.666667 0.833333 0.375 0.666667 0.838192
1 0.666667 0.833333 0.5 0 0.838587
1 0.666667 0.833333 0.5 0.666667 0.839381
1 0.666667 0.833333 0.625 0 0.839443
1 0.666667 0.833333 0.625 0.666667 0.840204
1 0.666667 0.833333 0.75 0 0.841609
1 0.666667 0.833333 0.75 0.333333 0.842098
1 0.666667 0.833333 0.75 0.666667 0.842128
1 0.666667 0.833333 1 0 0.8428
1 0.666667 1 0 0 0.843317
1 0.666667 1 0.125 0 0.844234
1 0.666667 1 0.125 0.333333 0.844326
1 0.666667 1 0.375 0.666667 0.847164
1 0.666667 1 0.625 0 0.850551
1 0.666667 1 0.625 0.333333 0.851221
1 0.666667 1 0.75 0 0.852566
1 0.666667 1 1 0.666667 0.855343
1 0.833333 0 0.125 0.333333 0.856777
1 0.833333 0 0.375 0 0.858426
1 0.833333 0 0.375 0.666667 0.858943
1 0.833333 0 0.5 0.333333 0.859462
1 0.833333 0 0.625 0.333333 0.860957
1 0.833333 0 0.75 0.666667 0.862209
1 0.833333 0 0.875 0 0.86224
1 0.833333 0 0.875 0.333333 0.8623
1 0.833333 0 1 0.333333 0.863247
1 0.833333 0.166667 0.25 0.333333 0.8652
1 0.833333 0.166667 0.25 0.666667 0.866177
1 0.833333 0.166667 0.375 0.333333 0.867428
1 0.833333 0.166667 0.375 0.666667 0.867732
1 0.833333 0.166667 0.5 0 0.868008
1 0.833333 0.166667 0.5 0.333333 0.868496
1 0.833333 0.166667 0.5 0.666667 0.868679
1 0.833333 0.166667 0.625 0 0.868862
1 0.833333 0.166667 0.875 0 0.870387
1 0.833333 0.166667 0.875 0.333333 0.870449
1 0.833333 0.166667 1 0.333333 0.872219
1 0.833333 0.166667 1 0.666667 0.872311
1 0.833333 0.333333 0 0.666667 0.873349
1 0.833333 0.333333 0.125 0 0.873836
1 0.833333 0.333333 0.375 0 0.87527
1 0.833333 0.333333 0.375 0.333333 0.875423
1 0.833333 0.333333 0.5 0 0.875636
1 0.833333 0.333333 0.5 0.333333 0.875972
1 0.833333 0.333333 0.625 0 0.876004
1 0.833333 0.333333 0.625 0.333333 0.876247
1 0.833333 0.333333 0.625 0.666667 0.877255
1 0.833333 0.333333 0.75 0.666667 0.878109
1 0.833333 0.333333 0.875 0 0.878383
1 0.833333 0.333333 0.875 0.333333 0.878657
1 0.833333 0.333333 0.875 0.666667 0.878964
1 0.833333 0.333333 1 0.666667 0.881619
1 0.833333 0.5 0 0 0.881619
1 0.833333 0.5 0.125 0.333333 0.885708
1 0.833333 0.5 0.125 0.666667 0.886045
1 0.833333 0.5 0.25 0.333333 0.887538
1 0.833333 0.5 0.375 0 0.88824
1 0.833333 0.5 0.5 0.333333 0.88934
1 0.833333 0.5 0.625 0 0.889677
1 0.833333 0.5 0.875 0.333333 0.891781
1 0.833333 0.5 1 0.333333 0.893094
1 0.833333 0.666667 0 0 0.893826
1 0.833333 0.666667 0 0.333333 0.893949
1 0.833333 0.666667 0 0.666667 0.893949
1 0.833333 0.666667 0.125 0.666667 0.894619
1 0.833333 0.666667 0.25 0.333333 0.89523
1 0.833333 0.666667 0.25 0.666667 0.895321
1 0.833333 0.666667 0.375 0 0.895719
1 0.833333 0.666667 0.875 0 0.900602
1 0.833333 0.666667 0.875 0.666667 0.901547
1 0.833333 0.666667 1 0 0.902004
1 0.833333 0.833333 0 0 0.902647
1 0.833333 0.833333 0 0.333333 0.903591
1 0.833333 0.833333 0.125 0.333333 0.903866
1 0.833333 0.833333 0.125 0.666667 0.903989
1 0.833333 0.833333 0.5 0.333333 0.907438
1 0.833333 0.833333 0.5 0.666667 0.908323
1 0.833333 0.833333 0.625 0 0.909147
1 0.833333 0.833333 0.625 0.333333 0.909817
1 0.833333 0.833333 0.75 0 0.91113
1 0.833333 0.833333 0.75 0.333333 0.911192
1 0.833333 1 0 0.666667 0.914151
1 0.833333 1 0.125 0.333333 0.914396
1 0.833333 1 0.125 0.666667 0.9147
1 0.833333 1 0.25 0.333333 0.915128
1 0.833333 1 0.5 0 0.916715
1 0.833333 1 0.625 0 0.91757
1 0.833333 1 0.625 0.666667 0.918394
1 0.833333 1 1 0 0.921294
1 0.833333 1 1 0.666667 0.921385
1 1 0 0 0 0.921506
1 1 0 0.125 0 0.922483
1 1 0 0.5 0.333333 0.928434
1 1 0 0.5 0.666667 0.928738
1 1 0 0.625 0 0.9299
1 1 0 0.75 0 0.931547
1 1 0 0.875 0.333333 0.932889
1 1 0 0.875 0.666667 0.933287
1 1 0 1 0 0.933591
1 1 0 1 0.333333 0.934294
1 1 0.166667 0.125 0 0.937345
1 1 0.166667 0.25 0 0.939726
1 1 0.166667 0.25 0.333333 0.940183
1 1 0.166667 0.375 0.666667 0.941068
1 1 0.166667 0.5 0.333333 0.94113
1 1 0.166667 0.75 0.333333 0.943328
1 1 0.166667 0.75 0.666667 0.943968
1 1 0.166667 0.875 0.333333 0.94464
1 1 0.166667 1 0 0.945281
1 1 0.333333 0 0.333333 0.946685
1 1 0.333333 0.5 0 0.949583
1 1 0.333333 0.5 0.666667 0.951049
1 1 0.333333 0.625 0 0.951323
1 1 0.333333 0.625 0.333333 0.951719
1 1 0.333333 0.75 0.333333 0.952268
1 1 0.333333 0.875 0 0.953398
1 1 0.333333 0.875 0.666667 0.953704
1 1 0.333333 1 0 0.954009
1 1 0.333333 1 0.666667 0.954802
1 1 0.5 0 0 0.955534
1 1 0.5 0 0.666667 0.955717
1 1 0.5 0.125 0.333333 0.956115
1 1 0.5 0.25 0 0.956694
1 1 0.5 0.375 0 0.957092
1 1 0.5 0.375 0.666667 0.959074
1 1 0.5 0.5 0.666667 0.960143
1 1 0.5 0.625 0.666667 0.961181
1 1 0.5 0.75 0 0.961243
1 1 0.5 0.75 0.333333 0.962279
1 1 0.5 0.875 0 0.962919
1 1 0.5 0.875 0.333333 0.963043
1 1 0.5 0.875 0.666667 0.963196
1 1 0.5 1 0 0.963683
1 1 0.5 1 0.333333 0.964111
1 1 0.666667 0 0 0.965209
1 1 0.666667 0.25 0.333333 0.969206
1 1 0.666667 0.375 0 0.96997
1 1 0.666667 0.5 0 0.971038
1 1 0.666667 0.625 0 0.974151
1 1 0.666667 0.625 0.666667 0.974396
1 1 0.666667 0.75 0 0.974579
1 1 0.666667 0.875 0.333333 0.976532
1 1 0.666667 1 0 0.978423
1 1 0.666667 1 0.333333 0.978789
1 1 0.833333 0.125 0.333333 0.981719
1 1 0.833333 0.125 0.666667 0.981781
1 1 0.833333 0.25 0 0.982055
1 1 0.833333 0.25 0.333333 0.982055
1 1 0.833333 0.25 0.666667 0.982147
1 1 0.833333 0.375 0.333333 0.982574
1 1 0.833333 0.5 0.333333 0.98297
1 1 0.833333 0.5 0.666667 0.983489
1 1 0.833333 0.75 0 0.987457
1 1 0.833333 0.75 0.333333 0.987945
1 1 0.833333 0.75 0.666667 0.988526
1 1 0.833333 0.875 0.666667 0.989989
1 1 0.833333 1 0.333333 0.990906
1 1 0.833333 1 0.666667 0.991791
1 1 1 0 0 0.992615
1 1 1 0.125 0 0.994415
1 1 1 0.125 0.333333 0.994536
1 1 1 0.125 0.666667 0.994628
1 1 1 0.25 0.333333 0.995117
1 1 1 0.375 0 0.995238
1 1 1 0.5 0 0.99646
1 1 1 0.625 0.666667 0.997498
1 1 1 0.75 0.333333 0.998047
1 1 1 0.75 0.666667 0.998168
1 1 1 0.875 0.666667 0.999328
1 1 1 1 0 0.999664
